1,0,0.2855729,2.601106,0
2,0,0.09469937,0.2587703,0
3,0,0.8632635,1.931295,0
4,0,3.905204,1.348639,0
5,0,1.316473,2.602417,0
6,0,0.6620116,1.135858,0
7,0,0.6088457,0.2150917,0
8,0,0.8230023,1.634269,0
9,0,0.9935466,5.69414,0
10,0,0.9069612,5.69411,0
11,0,0.8384477,5.69411,0
12,0,0.4411868,5.030272,0
13,0,1.250699,0.0006616116,0
14,0,0.4750401,0.3387365,0
15,0,0.6389006,2.83579,0
16,0,1.045824,4.916423,0
17,0,0.0520931,1.110462,0
18,0,0.2217762,0.06399179,0
19,0,0.142224,4.982845,0
20,0,0.2624709,0.07347929,0
21,0,0.09946135,4.141674,0
22,0,1.331037,1.931625,0
23,0,0.5555019,1.534647,0
24,0,0.1454079,0.2207043,0
25,0,0.0388129,3.766639,0
26,0,0.009153978,2.200982,0
27,0,0.1178307,0.116796,0
28,0,0.1420946,0.05075017,0
29,0,1.832289,0.2178349,0
30,0,0.0417532,0.001436509,0
31,0,1.26305,4.155379,0
32,0,0.5735525,3.31637,0
33,0,0.05762004,0.1927657,0
34,0,0.9332485,0.1140799,0
35,0,0.02825564,0.03868978,0
36,0,0.9314574,0.5501842,0
37,0,1.507817,0.08369827,0
38,0,1.322385,0.5465541,0
39,0,1.256204,0.09296775,0
40,0,0.006338071,0.8653673,0
41,0,1.391536,2.715662,0
42,0,1.925432,0.164727,0
43,0,1.343074,0.05639461,0
44,0,0.02298686,0.0145136,0
45,0,1.206205,0.04082475,0
46,0,0.04922115,0.0616004,0
47,0,0.04136503,0.4647912,0
48,0,1.776224,0.1119634,0
49,0,0.7260526,3.23542,0
50,0,0.5518035,0.5099568,0
51,0,0.05829344,0.4493533,0
52,0,1.036582,0.2034543,0
53,0,0.02929079,0.2773871,0
54,0,1.218243,0.08530641,0
55,0,0.04572846,0.01087584,0
56,0,0.0470572,0.07638609,0
57,0,1.588809,2.166157,1
58,0,0.03244358,0.227071,1
59,0,1.101545,0.6158546,1
60,0,1.68926,0.170785,1
61,0,2.144206,0.8030252,1
62,0,0.0004235583,0.3432939,1
63,0,1.23077,1.695906,1
64,0,0.3501484,0.0889315,1
65,0,0.07465548,0.003894247,1
66,0,0.006625731,0.08040786,2
67,0,0.02187178,0.06601495,2
68,0,0.005128368,0.1250522,2
69,0,0.07242102,0.2322134,2
70,0,0.09295955,0.2869851,2
71,0,0.008130529,0.02804473,2
72,0,1.972426,0.8676413,2
73,0,0.06664276,0.7699289,2
74,0,0.005651628,1.467173,2
75,0,1.059166,0.4705502,2
76,0,1.122402,0.9650917,2
77,0,0.6388544,0.1365896,2
78,0,1.595965,0.4026228,2
79,0,0.8259386,0.679769,2
80,0,0.04040938,0.07479197,2
81,0,2.260036,0.005450249,2
82,0,0.02124506,2.695964,2
83,0,1.085273,0.3085113,2
84,0,0.02703661,0.07383585,3
85,0,2.107355,0.008529902,4
86,0,1.766324,0.0397526,4
87,0,2.180497,0.1036916,4
88,0,0.01077314,0.1615088,4
89,0,0.06495652,2.434838,4
90,0,0.01970583,0.508404,4
91,0,1.531765,0.05407465,4
92,0,0.008815613,0.2947176,4
93,0,0.04025594,0.1742666,4
94,0,0.6900384,3.488468,4
95,0,1.148965,0.149279,4
96,0,0.02086392,0.02226187,4
97,0,0.05478144,0.1249437,4
98,0,0.08517347,4.942898,4
99,0,0.003340016,0.01095963,4
100,0,3.253982,0.1108074,4
101,0,0.08485288,0.03125338,4
102,0,1.965241,0.231616,4
103,0,1.021386,0.02615104,4
104,0,0.02764732,0.05846763,4
105,0,0.02415497,1.287158,4
106,0,0.01829383,0.01752247,4
107,0,0.0259384,0.003800929,4
108,0,0.08008522,0.5547994,4
109,0,0.1074499,0.0157153,4
110,0,1.653737,0.06002128,4
111,0,0.02511584,0.02747076,4
112,0,1.935511,0.06352496,4
113,0,0.9483953,0.03440424,4
114,0,0.007331351,0.3088178,4
115,0,0.0086574,0.06252337,4
116,0,0.07843973,0.04576468,4
117,0,2.010517,0.1710238,4
118,0,0.580952,0.8150547,4
119,0,0.07415211,0.6650352,4
120,0,1.712872,0.7599097,4
121,0,0.05216535,0.00595966,4
122,0,0.9602811,0.8196239,4
123,0,1.302623,2.188537,4
124,0,0.09347665,0.05567467,4
125,0,0.2041122,1.009786,4
126,0,0.6847192,2.541741,4
127,0,0.1242623,0.02588785,4
128,0,0.03217842,0.01670749,4
129,0,0.8637695,0.009858727,4
130,0,0.02868589,2.060885,4
131,0,0.008859729,0.05072285,4
132,0,1.014214,0.03059709,4
133,0,0.06745358,1.703834,4
134,0,0.0295338,0.03080101,4
135,0,3.266316,0.1447442,4
136,0,0.130763,1.096057,4
137,0,0.03705948,0.0009827614,4
138,0,0.01353628,0.3803617,4
139,0,0.07294896,0.5567487,4
140,0,0.01534714,0.1036265,4
141,0,0.07067198,0.8334908,4
142,0,0.08347168,5.047224,4
143,0,0.1162169,0.7831171,4
144,0,0.1107082,5.694001,4
145,0,0.01129623,0.2828932,4
146,0,1.281268,0.4375507,4
147,0,2.365491,0.0744448,4
148,0,2.678972,0.5239021,4
149,0,0.2639755,0.04720306,4
150,0,1.129259,0.6130686,4
151,0,0.5998235,0.5213721,4
152,0,0.1519093,1.035122,4
153,0,0.02310887,0.03329521,4
154,0,0.05770827,0.03846924,4
155,0,1.316352,0.06504781,5
156,0,0.0832326,3.172366,5
157,0,0.04880687,0.07304245,5
158,0,0.02085461,3.114189,5
159,0,0.08443469,0.3175018,5
160,0,0.79469,0.3692206,5
161,0,0.7189241,0.5318657,5
162,0,1.907527,0.002266645,5
163,0,0.02444957,0.02700732,5
164,0,0.07393002,0.4058291,5
165,0,1.126082,0.08341026,5
166,0,0.4044507,5.531093,5
167,0,0.2094757,0.06146222,5
168,0,1.854277,0.2514843,5
169,0,1.734644,0.08584976,5
170,0,0.09995397,0.02639747,5
171,0,0.1349671,0.5204226,5
172,0,0.02578142,0.0264051,5
173,0,0.03626303,0.08265889,5
174,0,1.626967,0.05741715,5
175,0,0.1314898,0.04873741,6
176,0,1.445722,0.7955219,6
177,0,0.8389249,0.01891547,7
178,0,0.05478232,0.3059636,7
179,0,0.05045512,4.590498,7
180,0,0.1457542,0.1028497,7
181,0,1.921037,4.702159,7
182,0,1.08679,0.03573978,7
183,0,0.03463261,0.06414908,7
184,0,0.02911535,0.09841096,7
185,0,1.159007,4.350871,7
186,0,0.03486483,0.2744911,7
187,0,1.356698,2.350119,7
188,0,2.911092,0.04939234,7
189,0,0.9066486,0.000428617,7
190,0,1.923844,1.318528,7
191,0,0.06521636,0.07381681,7
192,0,0.03047655,0.03898371,7
193,0,0.0575387,0.05778968,7
194,0,1.268964,1.35658,8
195,0,0.02525153,0.005020022,8
196,0,0.02775976,0.1776952,9
197,0,1.098939,0.6522033,9
198,0,0.192182,0.349052,9
199,0,0.1347047,1.082794,9
200,0,0.03744251,2.836576,9
201,0,0.05840116,0.6099665,9
202,0,0.1603658,1.786101,9
203,0,0.8911455,1.353869,9
204,0,0.588589,5.687277,9
205,0,0.08373661,2.585332,9
206,0,0.1801666,3.386009,10
207,0,0.1410524,0.08562525,10
208,0,1.718801,0.06459188,10
209,0,0.04844071,0.5958111,10
210,0,0.1045326,1.188453,10
211,0,0.1610096,0.03043127,10
212,0,0.08261599,3.711439,10
213,0,2.121546,0.09698425,10
214,0,2.768369,1.545178,11
215,0,0.006906203,0.003732957,11
216,0,0.05636969,0.01620051,11
217,0,0.08501658,0.6617597,11
218,0,0.01850067,0.08286472,11
219,0,0.0223109,0.0339896,11
220,0,0.04478817,0.1077289,11
221,0,2.908651,0.03779083,11
222,0,3.101388,0.02622652,11
223,0,0.07382932,0.003647372,11
224,0,0.06155043,0.0553112,12
225,0,0.06806441,0.01775622,12
226,0,1.842396,0.04169697,12
227,0,0.5640545,0.3457124,12
228,0,0.005531757,0.455092,12
229,0,0.06282521,2.198949,12
230,0,0.02244141,0.1641111,12
231,0,0.0270734,0.09899569,12
232,0,1.495102,0.001806915,12
233,0,0.4620387,2.171075,12
234,0,0.8073709,0.8650692,12
235,0,0.03740051,1.294433,12
236,0,0.3961295,1.061167,12
237,0,0.02128154,0.2156699,12
238,0,0.02353688,0.2140278,12
239,0,2.628712,0.05462539,12
240,0,0.0906594,0.04363996,12
241,0,1.135903,0.5157828,12
242,0,0.07044137,3.521161,12
243,0,0.0850842,0.01487541,12
244,0,0.2690418,1.470735,12
245,0,1.431748,0.03836656,12
246,0,0.03773813,0.1163201,12
247,0,0.08392563,0.159339,12
248,0,0.1058109,5.694711,12
249,0,0.01103372,0.03093278,13
250,0,0.1739139,0.218173,13
251,0,2.244421,0.05757064,13
252,0,0.004886491,0.95937,13
253,0,1.954508,0.232651,13
254,0,1.437278,0.05796862,13
255,0,0.08160418,0.1309041,13
256,0,0.01294899,0.02203111,14
257,0,1.458137,0.5233595,14
258,0,0.02562107,0.01086592,14
259,0,1.039723,0.04092631,14
260,0,2.25093,0.03168981,14
261,0,0.04816683,0.158761,14
262,0,0.00930379,1.460689,14
263,0,0.4503291,2.560247,14
264,0,0.1921593,0.005709767,14
265,0,0.04790061,0.1157983,14
266,0,0.07499793,0.01830939,14
267,0,0.08623271,0.1392517,14
268,0,0.8824558,1.437675,14
269,0,0.05901746,0.5633634,14
270,0,0.9506566,0.02742282,14
271,0,0.02601957,0.7620244,14
272,0,1.125675,0.1932474,14
273,0,1.115524,0.03831393,14
274,0,3.235747,0.05199369,14
275,0,0.1506992,0.02841903,14
276,0,0.09874979,0.08481427,14
277,0,0.06766617,0.2009489,14
278,0,1.048275,0.1115008,14
279,0,1.003907,0.136817,14
280,0,0.07137375,0.0802086,14
281,0,0.03748538,0.1950535,14
282,0,1.774998,0.1044062,14
283,0,2.366008,0.1980834,14
284,0,2.375475,0.1548168,14
285,0,0.009481546,0.8314592,14
286,0,0.157207,0.7025739,14
287,0,0.03906753,0.02802759,14
288,0,0.04437666,0.9591641,14
289,0,1.704254,0.3557031,14
290,0,1.159344,0.390966,14
291,0,1.224934,0.03591431,14
292,0,2.622961,0.0539701,14
293,0,0.7316954,0.09235454,14
294,0,2.496784,0.4293181,14
295,0,0.1029577,1.89402,14
296,0,0.149194,0.8226097,14
297,0,0.1027531,0.5210788,14
298,0,0.1395641,0.354401,14
299,0,0.1006532,0.0004870892,14
300,0,0.01022675,0.04751825,14
301,0,0.1324399,0.04525752,14
302,0,1.833221,0.0979835,14
303,0,0.009292575,0.0675797,14
304,0,0.6055778,1.096979,14
305,0,3.057266,0.152071,14
306,0,2.086865,1.003737,14
307,0,0.0036186,0.2579114,14
308,0,0.1119201,0.1717751,14
309,0,0.09817394,3.0449,14
310,0,0.06457741,0.1171345,14
311,0,0.1020758,0.226202,14
312,0,1.05166,0.1682491,14
313,0,0.7886077,0.3410707,14
314,0,0.0373053,1.684644,14
315,0,3.009979,0.02429962,14
316,0,0.05890683,0.1507809,14
317,0,0.3753128,0.312036,14
318,0,0.04762511,0.04845834,14
319,0,2.014982,0.1862302,14
320,0,2.98468,0.2476791,14
321,0,0.04043161,0.2779142,14
322,0,0.01510289,0.05058205,14
323,0,0.07417367,0.00123316,14
324,0,0.07078763,0.02466178,14
325,0,0.8911117,0.02987456,14
326,0,0.06597375,0.03665441,15
327,0,0.07090955,0.3917333,15
328,0,2.113537,0.005648911,15
329,0,1.844931,0.048419,15
330,0,1.805027,0.02560946,15
331,0,2.429586,3.50923,15
332,0,0.08918801,0.007523715,15
333,0,0.03714716,2.921272,15
334,0,0.4671924,0.2216424,15
335,0,0.9801509,1.367714,15
336,0,1.388896,0.05714899,15
337,0,1.744781,0.01542699,15
338,0,1.454743,0.4037132,15
339,0,1.788318,0.01902745,15
340,0,0.05800146,0.1916967,15
341,0,0.03891044,2.187977,15
342,0,1.528653,0.05834591,15
343,0,1.201235,0.136484,15
344,0,1.557381,0.5890774,15
345,0,0.1199156,0.04231173,15
346,0,1.685786,0.01688468,15
347,0,0.06140948,0.007460773,15
348,0,0.2292972,0.1292131,15
349,0,0.7459515,3.038739,15
350,0,0.7727614,0.2579967,15
351,0,0.1582076,0.06699389,15
352,0,0.0138366,0.03396559,15
353,0,2.935369,0.4603283,15
354,0,1.073277,0.05930102,15
355,0,1.541821,0.00581336,15
356,0,3.139063,0.318102,15
357,0,1.242706,1.934104,15
358,0,0.01793861,0.03459404,15
359,0,0.8505474,0.3878726,15
360,0,1.919994,0.1013315,16
361,0,0.02090036,0.06385973,17
362,0,0.01319841,0.01510097,17
363,0,0.02199218,0.07492439,17
364,0,0.04097005,0.01056504,17
365,0,0.000196885,0.002133608,17
366,0,0.1778499,0.06326532,17
367,0,1.084589,0.1532761,17
368,0,1.623623,0.001663089,18
369,0,2.051988,0.0515492,18
370,0,2.584005,0.8869647,18
371,0,1.442016,0.2811312,18
372,0,0.9050082,0.06653357,18
373,0,0.01550979,2.286833,18
374,0,0.5341002,0.2639606,18
375,0,0.02221986,0.1718634,18
376,0,0.0248995,0.05088127,18
377,0,0.5815557,0.5502552,18
378,0,2.851096,3.832897,18
379,0,0.05449213,0.1546295,18
380,0,0.09164992,0.03381063,18
381,0,0.06893896,0.04645384,18
382,0,0.03031653,0.1256502,18
383,0,0.6441488,0.3584156,18
384,0,0.07667864,0.006901562,18
385,0,0.09314645,0.08759332,18
386,0,1.23146,0.05227077,18
387,0,0.09185888,0.186208,18
388,0,0.005047608,0.362967,18
389,0,0.5363616,0.1275835,18
390,0,0.5639516,0.3506025,18
391,0,1.013128,0.01766073,18
392,0,0.0119426,0.7805948,18
393,0,0.02181828,0.1577838,18
394,0,0.6699702,0.3135458,18
395,0,0.07907255,0.03823838,18
396,0,0.8139926,0.5481299,18
397,0,0.1251945,0.4465626,18
398,0,0.07057181,0.01180792,18
399,0,0.06911515,0.09647787,18
400,0,0.08979531,0.1880969,18
401,0,0.01678685,0.4441991,18
402,0,0.04375932,0.02034724,18
403,0,1.048186,0.2258519,18
404,0,0.02853949,0.2723657,18
405,0,0.01442298,0.3878598,18
406,0,0.1330556,0.4388765,18
407,0,0.009397204,0.2649713,19
408,0,0.1030205,0.01582091,19
409,0,0.08442332,0.04693604,19
410,0,0.4060745,0.470314,19
411,0,0.03454302,0.01893252,19
412,0,0.1061002,0.1533977,19
413,0,0.03429161,0.02604567,19
414,0,0.02262046,0.002418756,19
415,0,0.06421497,0.1050668,19
416,0,0.07166717,0.2080528,19
417,0,0.03412843,0.02116781,19
418,0,0.0427142,2.62877,20
419,0,0.03926454,0.8746084,20
420,0,0.0115331,0.03184689,20
421,0,0.07164195,0.2942805,20
422,0,0.01062942,0.02309859,20
423,0,0.05669644,0.005606413,20
424,0,0.0608088,0.1256529,20
425,0,0.04912709,0.06875205,20
426,0,0.01334011,1.21215,20
